1.42
1.11
1.20
1.22
1.37
1.09
1.01
1.08
1.15
1.11
1.10
1.31
1.23
1.15
1.26
1.08
1.06
0.99
1.15
1.12
1.18
1.22
1.18
1.37
1.20
1.14
1.13
1.13
1.05
1.14
1.25
1.05
1.14
1.01
1.04
1.06
1.25
1.05
1.06
1.07
1.03
1.09
1.13
1.37
1.09
1.08
1.06
1.16
1.19
1.39
1.11
1.07
1.06
1.07
1.04
1.00
7.02
1.12
1.04
1.13
1.04
1.06
1.37
1.07
1.02
1.05
1.01
1.28
1.11
1.13
1.33
1.23
1.12
1.05
1.12
1.13
1.08
1.08
1.07
1.03
1.23
1.05
1.01
1.23
1.07
1.00
0.94
0.98
0.99
1.11
14.07
0.92
1.04
1.00
0.97
1.14
1.06
1.14
1.08
1.00