300.43
25.55
55.97
27.90
28.75
41.74
54.17
36.07
52.83
50.90
76.66
58.33
48.19
32.79
31.27
64.94
52.62
22.81
21.99
33.11
57.80
45.88
57.78
38.17
58.79
40.69
43.78
41.84
25.52
41.86
76.89
85.38
43.51
27.70
35.21
43.34
50.24
53.06
32.02
50.50
28.48
39.81
61.27
23.53
53.97
28.94
27.88
59.37
43.08
54.76
23.43
53.39
23.58
51.41
78.76
41.45
40.93
39.35
39.52
82.29
71.36
35.92
38.20
50.15
59.07
32.77
57.77
28.41
29.96
23.70
24.03
54.04
73.73
67.40
41.13
29.11
28.25
21.57
55.83
62.11
62.59
37.75
48.37
51.53
23.75
23.30
46.73
29.36
74.73
76.77
62.18
59.80
29.66
61.30
42.40
25.37
46.57
37.05
49.55
66.53